Perdas ao total:  27
HoraOIEE
SFOIEE
BWOIEE
PTOIEE
RSSIOIEE
SNROIEE
[-24.974489795918366, -27.01958762886598, -42.666346153846156, -41.466049382716065, -40.61874999999999, -46.85614754098361, -50.10896226415094, -52.11032608695652, -52.29166666666666, -53.166071428571435, 0, 0, 0, 0, 0, -37.17142857142857, -36.87222222222222, -38.12933673469387, -37.20425, -38.97763157894737, -48.549609375, -48.42807692307693, -47.675378787878785, -46.66029411764706, -50.67457627118644, 0, -66.125, 0, 0, 0, -39.578826530612254, -39.31200000000001, -39.636250000000004, -39.33725, -39.55999999999999, -45.61574074074075, -44.00436046511628, -41.362903225806456, -46.76525974025974, -46.50352564102564, 0, 0, -68.25, 0, 0, -39.428250000000006, -38.7595, -39.14425, -39.282250000000005, -38.729749999999996, -39.765249999999995, -39.772499999999994, -39.705749999999995, -39.7525, -39.43350000000001, -55.1665, -51.2025, -47.60743243243242, -57.583928571428565, -50.89879032258065, -24.89795918367347, -29.41454081632653, -23.580749999999995, -24.5815, -23.483000000000004, -23.809000000000005, -24.5815, -23.653499999999994, -24.31616161616162, -23.790999999999997, -24.341499999999996, -23.945999999999998, -25.328535353535354, -24.488999999999997, -24.161499999999997, -23.832828282828284, -24.527525252525255, -24.979081632653063, -24.940561224489798, -24.268, -24.640500000000003, -25.470750000000002, -25.89875, -27.340249999999997, -26.3305, -28.878947368421052, -29.5015306122449, -28.01211340206186, -30.94707446808511, -26.151288659793817]
Perdas ao total:  27
HoraOIEE
SFOIEE
BWOIEE
PTOIEE
RSSIOIEE
SNROIEE
[-24.974489795918366, -27.01958762886598, -42.666346153846156, -41.466049382716065, -40.61874999999999, -46.85614754098361, -50.10896226415094, -52.11032608695652, -52.29166666666666, -53.166071428571435, 0, 0, 0, 0, 0, -37.17142857142857, -36.87222222222222, -38.12933673469387, -37.20425, -38.97763157894737, -48.549609375, -48.42807692307693, -47.675378787878785, -46.66029411764706, -50.67457627118644, 0, -66.125, 0, 0, 0, -39.578826530612254, -39.31200000000001, -39.636250000000004, -39.33725, -39.55999999999999, -45.61574074074075, -44.00436046511628, -41.362903225806456, -46.76525974025974, -46.50352564102564, 0, 0, -68.25, 0, 0, -39.428250000000006, -38.7595, -39.14425, -39.282250000000005, -38.729749999999996, -39.765249999999995, -39.772499999999994, -39.705749999999995, -39.7525, -39.43350000000001, -55.1665, -51.2025, -47.60743243243242, -57.583928571428565, -50.89879032258065, -24.89795918367347, -29.41454081632653, -23.580749999999995, -24.5815, -23.483000000000004, -23.809000000000005, -24.5815, -23.653499999999994, -24.31616161616162, -23.790999999999997, -24.341499999999996, -23.945999999999998, -25.328535353535354, -24.488999999999997, -24.161499999999997, -23.832828282828284, -24.527525252525255, -24.979081632653063, -24.940561224489798, -24.268, -24.640500000000003, -25.470750000000002, -25.89875, -27.340249999999997, -26.3305, -28.878947368421052, -29.5015306122449, -28.01211340206186, -30.94707446808511, -26.151288659793817]
90
